Pinout of 32 pin PLCC socket looking at the bottom

----------------------------\_
|                             \_
|        30   32    2    4      \_
|                                 |
|   29   31    1    3    6    5   |
|                                 |
|   27   28              8    7   |
|                                 |
|   25   26             10    9   |
|                                 |
|   23   24             12   11   |
|                                 |
|   21   22   19   17   15   13   |
|                                 |
|        20   18   16   14        |
|                                 |
-----------------------------------